1989  18.67013
1990  18.56206
1991  18.49299
1992  18.387
1993  18.341
1994  18.266
1995  18.19774
1996  18.09657
1997  17.96605
1998  17.82063
1999  17.65958
2000  17.43368
2001  17.19665
2002  16.75758
2003  16.69792
2004  16.44802
2005  16.21908
2006  15.99818
2007  15.80531
2008  15.66295
2009  15.53145
2010  15.53925
2011  15.5033
2012  15.44545
2013  15.32436
2014  15.21497
2015  15.1357
2016  15.06446
2017  14.99417
2018  14.91855
2019  14.78818
2020  14.66127
2021  15.01214
2022  14.9669
2023  14.81471
